
60.png
bus A4.png
depress達o A4.png
green_up_arrow.png
hospital A4.png
luz A4.png
red_and_green_squares.png
red_x.png
supress達o de faixa A4.png
yellow_left_arrow.png
yellow_right_arrow.png
*******************************************************
Signals in file: 11
*******************************************************
Processing...
[-1, -1, -1]
0
[-1, -1, -1]
[-1, -1, -1]
[-1, -1, -1]
[-1, -1, -1]
[-1, -1, -1]
[-1, -1, -1]
[-1, -1, -1]
[-1, -1, -1]
[-1, -1, -1]
[-1, -1, -1]
[-1, -1, -1]
[-1, -1, -1]
[-1, -1, -1]
[-1, -1, -1]
[-1, -1, -1]
[-1, -1, -1]
[-1, -1, -1]
[-1, -1, -1]
[-1, -1, -1]
[-1, -1, -1]
[-1, -1, -1]
[-1, -1, -1]
[-1, -1, -1]
[-1, -1, -1]
[-1, -1, -1]
[-1, -1, -1]
[-1, -1, -1]
[-1, -1, -1]
[-1, -1, -1]
[-1, -1, -1]
[-1, -1, -1]
[-1, -1, -1]
[-1, -1, -1]
[-1, -1, -1]
[-1, -1, -1]
[-1, -1, -1]
[-1, -1, -1]
[-1, -1, -1]
[-1, -1, -1]
[-1, -1, -1]
[-1, -1, -1]
[-1, -1, -1]
[-1, -1, -1]
[-1, -1, -1]
[-1, -1, -1]
[-1, -1, -1]
[-1, -1, -1]
[-1, -1, -1]
[-1, -1, -1]
[-1, -1, -1]
[-1, -1, -1]
[-1, -1, -1]
[-1, -1, -1]
[-1, -1, -1]
[-1, -1, -1]
[-1, -1, -1]
[-1, -1, -1]
[-1, -1, -1]
[-1, -1, -1]
[-1, -1, -1]
[-1, -1, -1]
[-1, -1, -1]
[-1, -1, -1]
[-1, -1, -1]
[-1, -1, -1]
[-1, -1, -1]
[-1, -1, -1]
[-1, -1, -1]
[-1, -1, -1]
[-1, -1, -1]
[-1, -1, -1]
[-1, -1, -1]
[-1, -1, -1]
[-1, -1, -1]
[-1, -1, -1]
[-1, -1, -1]
[-1, -1, -1]
[-1, -1, -1]
[-1, -1, -1]
[-1, -1, -1]
[-1, -1, -1]
[-1, -1, -1]
[-1, -1, -1]
[-1, -1, -1]
[-1, -1, -1]
[-1, -1, -1]
[-1, -1, -1]
[-1, -1, -1]
[-1, -1, -1]
[-1, -1, -1]
[-1, -1, -1]
[-1, -1, -1]
[-1, -1, -1]
[-1, -1, -1]
[-1, -1, -1]
[65280, -65281, -1]
1
[65280, -16776961, -256]
2
[65280, -16776961, -256]
[65280, -16776961, -256]
[65280, -65281, -1]
3
[-1, -1, -1]
4
[-1, -1, -1]
[-1, -1, -1]
[-1, -1, -1]
[-1, -1, -1]
[-1, -1, -1]
[-1, -1, -1]
[-1, -1, -1]
[-1, -1, -1]
[-1, -1, -1]
[-1, -1, -1]
[-1, -1, -1]
[-1, -1, -1]
[-1, -1, -1]
[-1, -1, -1]
[-1, -1, -1]
[-1, -1, -1]
[-1, -1, -1]
[-1, -1, -1]
[-1, -1, -1]
[-1, -1, -1]
[-1, -1, -1]
[-1, -1, -1]
[-1, -1, -1]
[-1, -1, -1]
[-1, -1, -1]
[-1, -1, -1]
[-1, -1, -1]
[-1, -1, -1]
[-1, -1, -1]
[-1, -1, -1]
[-1, -1, -1]
[-1, -1, -1]
[-1, -1, -1]
[-1, -1, -1]
[-1, -1, -1]
[-1, -1, -1]
[-1, -1, -1]
[-1, -1, -1]
[-1, -1, -1]
[-1, -1, -1]
[-1, -1, -1]
[-1, -1, -1]
[-1, -1, -1]
[-1, -1, -1]
[-1, -1, -1]
[-1, -1, -1]
[-1, -1, -1]
[-1, -1, -1]
[-1, -1, -1]
[-1, -1, -1]
[-1, -1, -1]
[-1, -1, -1]
[-1, -1, -1]
[-1, -1, -1]
[-1, -1, -1]
[-1, -1, -1]
[-1, -1, -1]
[-1, -1, -1]
[-1, -1, -1]
[-1, -1, -1]
[-1, -1, -1]
[-1, -1, -1]
[-1, -1, -1]
[-1, -1, -1]
[-1, -1, -1]
[-1, -1, -1]
[-1, -1, -1]
[-1, -1, -1]
[-1, -1, -1]
[-1, -1, -1]
[-1, -1, -1]
[-1, -1, -1]
[-1, -1, -1]
[-1, -1, -1]
[-1, -1, -1]
[-1, -1, -1]
[-1, -1, -1]
[-1, -1, -1]
[-1, -1, -1]
[-1, -1, -1]
[-1, -1, -1]
[-1, -1, -1]
[-1, -1, -1]
[-1, -1, -1]
[-1, -1, -1]
[-1, -1, -1]
[-1, -1, -1]
[-1, -1, -1]
[-1, -1, -1]
[-1, -1, -1]
[-1, -1, -1]
[-1, -1, -1]
[-1, -1, -1]
[-1, -1, -1]
[-1, -1, -1]
[-1, -1, -1]
[1, 0, 0]
5
[656750080, 32608, 656750080]
6

60.png
bus A4.png
depress達o A4.png
green_up_arrow.png
hospital A4.png
luz A4.png
red_and_green_squares.png
red_x.png
supress達o de faixa A4.png
yellow_left_arrow.png
yellow_right_arrow.png
*******************************************************
Signals in file: 11
*******************************************************
Processing...
00
